00 2006 03 26 17 28 22 2007 03 06 04 29 43
01 2007 03 06 04 29 43 2008 02 13 15 31 04
02 2008 02 13 15 31 04 2009 01 23 04 18 07
03 2009 01 23 04 18 07 2010 01 02 16 15 28
04 2010 01 02 16 15 28 2010 12 13 05 04 50
05 2010 12 13 05 04 50 2011 11 22 17 27 52
06 2011 11 22 17 27 52 2012 11 01 06 18 56
07 2012 11 01 06 18 56 2013 10 11 19 17 21
08 2013 10 11 19 17 21 2014 10 18 09 50 51
09 2014 10 18 09 50 51 2015 09 27 21 47 25
10 2015 09 27 21 47 25 2016 09 06 09 43 58
11 2016 09 06 09 43 58 2017 08 16 23 10 31
12 2017 08 16 23 10 31 2018 07 27 12 23 10
13 2018 07 27 12 23 10 2019 07 06 15 31 53
14 2019 07 06 15 31 53 2020 06 15 13 36 20
15 2020 06 15 13 36 20 2021 05 25 21 26 45
16 2021 05 25 21 26 45 2022 05 05 09 23 18
17 2022 05 05 09 23 18 2023 04 14 21 19 51

